Resistor 1234 3 20 y
Infrared sensor 4341 132 2 n
12 23 322 32 12 32
332 3223 23 32 23 12
2345 34 34 564 657 6765
1 32 3232 23 23 23
3 2 32 12 43 23
123 234 3342 5432 234 54
1223 32 23 123 2321 23
1 123 232 322 234 3432
1 23 32 43 y 423432
23 123 3452 234 y 2131
3 234 324 543 y 35
5 234 2345 43 y 45
key 2020 300 3 y 04-05-2023
7 234 432 54 y 23445
32 2323 122 1 y 2343
76 243 234 56462 y 54
90 234 456 234 y 45
resistors 121121 3 23 nballs b1212 1000 1 y 112211
nasser nn11 200000 1 n 112233
1 1 1 1 1 1
4 2 12 1 5 3
balling 131 46237991 293 n 421341
hello WORLD 3638 1 n 123121
nasser 2.0 2.0 1000000 321 n 421421
1 1 1 1 1 1
ball ba1122 467239 6237 n 11-11-1011
balls b11212 1999 2 n 11-22-2022
balls 2.0 b2.0 1000000 10 n 11-12-1010
nasser n1010 10 2000 y 21-10-2010
1 1 1 1 1 1
2 2 2 2 2 2
1 1 1 1 1 1
2 2 2 2 2 2
keyboard 2020 50 3 n 04-03-2023
key 2020 50 3 n 30-04-2023
key 2020 50 3 n 30-04-2023
key 1 2 3 y 4
key 3 4 5 n 6
key 324 453 123 y 34
key 212 43 32 y 23
